12180
5134
17487
3708
23512
15736
8207
246
900
498
3240
5013
8349
25678
3782
8584
73422
22051
10527
967
572
4265
1170
24253
833
70372
55726
324
4326
7047
1194
9182
25235
24381
2360
9497
13243
10430
15041
2695
1589
1422
26473
3842
1635
12329
4677
37457
347
74537
39293
3252
3417
785
1296
37625
20727
3098
56333
14126
3834
782
2102
1301
269
34774
62
4747
12829
4436
13349
1931
2836
13418
5348
15165
51816
3055
10
230
2793
13487
36428
34621
12791
26696
2010
15127
9272
111011
9719
564
5712
8070
86
6005
50821
12114
15369
1317
3655
4441
906
5771
1851
10780
12010
28582
2428
5060
144
359
18212
426
5583
3691
4687
3685
3519
3626
119
2140
173
5624
168
9997
4607
82
7745
7491
53071
2204
18378
2700
2185
6351
371
6398
6178
7574
4826
2673
657
2145
738
2551
11213
663
5702
17300
67128
7796
8708
20374
2685
455
3784
19609
3342
802
3783
2136
23484
9210
6436
56579
10055
2643
230
4375
3134
25131
6620
7872
14783
1577
6162
496
7874
1828
458
4237
6412
423
7128
226
32795
7249
115
55404
3249
1215
42598
24947
9781
6328
24062
6701
267
15942
11778
4998
483
14214
8269
42120
3654
9921
478
12010
18282
2517
15954
660
3245
2763
24800
4352
1278
1758
31192
11921
7240
574
24134
76370
304
16857
4240
2333
4163
5695
11868
2195
251
1895
8486
59737
805
96766
704
81121
67469
10244
30494
19227
3812
31685
74469
32009
25552
1606
1660
7825
10918
1681
61
7542
60391
25253
20922
9068
1398
38
93663
516
16155
48607
6408
697
5308
234
92233
3724
1236
6152
15567
10691
5315
143
23280
4262
32294
2002
5426
264
19723
76712
7119
3464
1465
9738
12051
5792
25760
8814
75774
9280
1824
18981
148
32357
5205
24592
2973
9195
16150
1631
2014
38785
95
4814
3944
15929
19040
1179
759
18599
82612
939
13623
640
725
51222
881
8683
6254
3209
202
1913
6601
2221
5371
3697
319
2076
10581
2221
5184
230
64658
10
10144
54
1012
55404
593
980
8268
25682
9798
4352
7437
852
8490
347
15359
15067
367
11607
8044
6422
1581
17130
19234
2579
6163
64
742
21373
15671
36570
1587
323
25927
21128
29881
36173
2908
106511
85335
35364
56813
7618
2071
1151
1010
29632
265
2210
317
10187
3775
3552
301
3789
76614
1995
10120
24872
39525
4065
51637
390
12064
19905
1724
3614
90
14778
2224
362
17624
12345
571
2186
1616
10958
54448
92653
4746
2741
86689
316
2527
37510
80143
19722
4676
11776
4123
111
4082
19611
22443
57054
19879
5399
8028
20936
1284
21070
2968
1816
393
494
259
40479
16938
867
1766
4649
275
11082
2109
4560
590
4877
4221
4151
13250
11260
33699
1374
4524
137
31509
7183
326
7328
41959
39
8347
880
3642
634
3863
20063
16236
1720
5343
13478
1449
8517
936
11993
5212
1497
1934
22
368
3775
1545
63510
1135
419
5888
670
11858
2941
1148
3997
12923
9291
7312
7358
3804
11624
5885
7018
120
263
2491
64638
4561
2134
532
22894
2746
9860
8266
550
32635
5700
11156
4546
251
5581
3330
6185
7866
25284
8416
329
22506
367
52802
1231
2836
11948
10812
503
5468
3501
4258
2448
9539
2444
10133
3204
330
21570
20636
1867
968
2337
17586
53986
53
18982
50200
9566
2631
13631
143
11323
2793
22
888
16744
5591
990
2158
8330
552
20108
25604
11816
5820
3801
1875
5606
28598
1006
445
58477
15083
187
32288
1049
42099
5473
24736
15762
78013
2297
2885
9257
1641
3506
1882
1690
1503
24290
12211
15992
6297
600
15
9856
12120
847
1801
9590
7531
1818
919
7654
29991
9573
636
47686
18508
56555
32350
4529
1023
2513
47634
2587
36731
12640
23629
777
18131
5916
10225
5670
82641
25851
7166
1328
837
9115
25889
13397
13630
11088
1623
73590
13852
19168
5249
4143
211
24365
5055
11437
181
84046
305
6713
7432
2640
21231
56278
13638
1838
9117
3997
17850
5869
2677
39297
1348
337
4019
2363
2741
3035
314
2366
609
96
10412
11298
6067
1944
838
10687
1419
31033
4478
897
3426
8829
30335
23366
39424
1584
5284
9960
11347
2968
15658
26241
1728
641
3055
1275
50802
18730
22091
58090
9755
1917
6768
10295
11144
1228
6413
472
16956
29359
4925
19791
3048
7690
1287
1814
2700
11407
86017
19669
1552
892
978
96966
4074
4149
25921
3143
7477
12479
3231
19135
2687
2974
10637
19124
7079
9019
1205
5170
4716
12516
1095
1581
349
25942
6779
30350
171
4680
33176
5443
5225
6063
571
8623
1975
520
486
34608
380
26447
2561
9209
8223
4621
2286
1654
917
2134
1005
