1056
2311
376
64
20514
53169
14689
516
4144
33352
8868
252
8460
5137
16155
6938
2896
3941
7863
18894
290
7589
14883
138
4006
9475
670
6648
33453
1022
2920
31213
235
1863
10011
325
19056
1069
216
7398
3504
7577
14413
405
4050
3304
65215
4704
12519
562
2307
9269
21104
15832
22111
718
19862
649
994
699
3263
443
88236
75
869
43574
5835
0
31284
20807
39944
1277
3160
2047
4031
385
36604
1578
1394
6421
3160
3997
64678
22792
59419
1731
4464
753
37772
4840
3623
70077
6774
26717
213
9945
607
6034
59639
193382
1850
2099
3725
24573
4718
23387
1008
1081
2182
2858
92
60666
548
3793
3780
10525
28452
10873
906
0
5876
3871
4351
1705
20193
1656
642
10618
1331
32106
37810
1855
1256
3190
3568
10500
540
3314
6595
12281
23189
75814
4182
3836
92348
19955
15018
5486
594
122897
29913
4603
2691
5446
1042
97
1258
247
43
13108
8912
1139
7865
40198
1426
43133
9472
913
1667
484
11336
10119
2136
20971
6841
102948
996
289
3880
5688
38295
6015
275
10365
213185
41088
54725
39504
6133
198
5412
25838
1075
4397
289
127320
10836
19072
43234
324
1746
10092
5410
162
4844
1277
16358
23015
10962
1102
36591
18933
2882
10322
3300
56929
1878
44804
13203
3008
50563
4828
2800
5492
7961
29769
18
15616
9952
337
6503
2751
34754
18406
10554
1556
8122
19123
57476
11898
19057
6439
1280
15313
572
27671
15795
44082
1476
3164
14952
15106
14991
320
1648
4128
701
4024
21992
1262
5812
23223
16470
310
9169
21225
7650
8991
1149
1132
36907
2776
20517
331
1627
186
22301
3115
429
6315
17328
18428
9267
3493
7060
34256
1766
20076
56287
6862
27921
1602
1270
32473
12693
45630
2303
25108
87984
35730
913
71495
41111
25511
18286
12970
17448
145631
3240
217
1021
48196
10988
33068
6213
1511
8794
1910
3025
7012
11288
1128
816
20722
252
3194
1051
1378
9836
22265
159
8675
4145
536
42915
2521
55011
596
59341
10012
2638
26324
42409
563
2285
1550
2728
16874
28363
1745
2431
33364
97560
13304
20858
4373
4146
1286
16335
23513
21769
210
25660
8558
17567
362
5520
1843
950
9585
61
14606
9132
40526
12596
5449
26591
48605
754
568
1634
3151
4082
1868
1008
50
3944
9830
1027
838
5163
41446
18923
2076
42969
26970
223
99042
4321
17018
6099
600
6658
6765
7858
1477
8160
54578
6446
444
15442
102204
19463
7668
100300
124626
22121
49980
10636
1912
1640
2136
133
22276
1019
