1484
6876
295
411
1140
20693
656
3637
50395
43529
65289
13657
7141
3058
14700
60700
7674
3643
38949
4520
214
3157
44774
4925
83932
27403
65466
23799
2738
30067
3498
1745
1983
35422
3683
469
9275
670
1380
129555
6792
316
2300
19941
42098
26190
3260
596
14828
364
1662
58016
38200
8276
11643
5092
83936
817
24043
13053
32890
3233
405
4053
348
2668
21771
6667
23436
1078
1222
2507
21242
10098
3030
5077
2752
9545
6642
844
59717
2890
3652
61763
2347
34899
17539
12204
45969
162
82388
676
134
76347
58850
13944
4725
37424
1456
145470
78548
29088
22934
2258
314
7784
9617
9048
6122
79597
1864
21316
6652
1576
2059
10959
3358
87965
13221
60971
8768
7836
4136
10972
26637
455
67984
865
1778
39361
797
9481
398
82396
255
9886
42727
29177
278
24808
70572
1281
245
299
337
1545
8583
1283
3961
1366
158
8448
1058
10436
13655
30997
24440
452
29305
75
3685
16719
1011
12039
787
42
1071
34036
5858
406
2752
1537
49662
2437
2643
31282
29
649
15890
27672
108714
35047
28176
2775
35899
844
9926
30306
16221
1686
24866
11714
2975
739
1173
4915
8647
270
17024
66829
37440
50160
135760
1330
324
1549
7151
102
2580
16612
23234
49992
36371
10034
1381
22656
23822
2446
3162
1069
169900
15067
10852
16007
31
7236
11767
3447
541
116
9464
47
12104
5468
33403
6920
91666
3323
2272
1077
12714
2425
34909
6417
2280
874
70054
2786
3065
1923
24616
14452
98
511
21
18811
1236
291
53667
93318
1172
12995
20917
1315
29234
11105
19729
75355
6317
406
1115
9598
8520
12154
900
1868
1952
3068
10639
83
704
29445
587
8443
0
7023
19672
3820
16239
16474
14463
5400
2368
4570
14941
4787
16228
11033
362
14182
308
14926
1058
92940
110090
201
13794
11904
69059
15887
6207
1344
2717
15371
1932
6449
6393
375
166361
5696
6667
249
19924
1559
25409
27909
2043
7468
2902
18591
591
34060
521
78402
32555
1363
483
1072
13217
18259
4638
8423
673
819
23697
7757
4645
1438
27209
20278
17894
14708
28474
256
96
40343
15009
966
3103
70392
31611
26470
13222
5085
1671
167
13629
9117
14809
8723
2137
53816
51295
3594
3219
16559
8628
80793
3244
6740
19197
1892
55137
4395
2653
79
12537
26958
38372
39627
59048
58486
2423
39
55271
66856
9237
22309
38295
42459
1184
6163
1153
90
3273
82
5093
21316
1777
1115
792
43191
2814
28020
200
6166
915
6018
76479
1426
8844
2840
4618
3362
28577
21837
32045
55683
1543
1849
6373
6055
27794
21525
766
27730
11466
14562
43557
1594
32842
32590
19683
30346
0
2474
77982
21019
578
13343
56807
2082
24226
6227
