39438
2234
13146
169226
2467
2636
10236
20738
5656
33573
671
3821
47525
18389
3045
376
42367
4402
30916
3343
9839
1920
16556
2825
53922
4771
13501
11
8318
103889
620
668
134385
11629
7867
102
192
18379
135142
223
14965
39991
0
17334
21882
1077
9158
7147
8002
1027
4226
59239
8127
5062
18194
5784
104848
111426
2932
2520
51684
17502
449
12105
5429
31744
4946
48217
116
330
1724
9090
5453
2002
94804
1044
852
1963
20670
2814
13
825
18263
3152
2125
31633
10986
17391
816
13314
1747
6552
2122
9948
3745
1723
3448
21078
2119
412
19354
64903
5389
6400
6638
22441
20878
6223
6054
31705
6197
5876
830
13649
4351
97
2590
14201
35498
64813
7320
433
2689
24681
33080
10411
5510
21810
13814
72861
4330
36730
6668
43831
39780
2609
43732
6021
234
3117
10216
715
170989
159117
7237
1804
1051
32993
1164
24562
5389
8142
4418
2122
55421
2164
8275
15551
1913
5030
41
10014
4018
4723
16231
718
85638
16578
554
4934
1817
25746
1728
7308
9858
3554
9022
2974
945
20129
71371
37806
1703
14727
927
5619
12
25034
10303
6053
8405
71772
11449
2570
538
1534
15877
254
86357
1297
14896
22723
3174
43647
2668
38795
89353
14352
29408
28494
24661
9886
13169
88998
15433
6153
11128
407
23344
6255
36277
2110
50612
51418
31194
30642
108148
2276
88
60555
10824
24284
3548
18389
17
37841
3186
6096
15592
18894
1786
37879
11815
644
763
37515
330
2208
19793
3795
53341
137510
158947
1072
321
4111
2386
19300
