667
99
143
115
400
296
1478
2598
4968
3413
50
1161
4794
196
11772
2919
1066
6343
6825
191
3394
20931
4029
0
2122
467
1123
1294
6282
8432
761
7544
1050
5557
430
1247
901
59
18
145
5286
762
199
189
792
374
4298
3370
86
1
150
28
575
5562
350
613
73
1845
425
237
1030
14
8302
5868
2007
1273
1057
1216
2832
1002
15347
590
6395
479
1539
942
16
4987
5656
4474
167
14637
3905
6143
13
6407
8470
4689
2079
230
575
512
62
1055
4029
450
1874
5571
10958
518
16
1445
3639
15049
1776
14635
2117
6482
518
3817
1771
5620
603
4227
7707
1612
182
1460
278
6684
198
8594
661
222
166
5928
2244
2650
12744
5383
31
12778
452
366
149
2148
5029
477
1981
1020
344
1362
409
5580
235
12570
1758
7378
2715
1673
254
1029
1384
4412
46
444
130
19
2036
1352
1034
1238
4571
1773
2803
1370
1561
396
39
2611
1161
69
70
192
279
240
3889
21
551
1803
812
6385
3965
1186
69
33
8126
9673
43
9011
4667
15
0
162
1095
875
3364
70
989
2502
504
43
43
4154
4193
4029
2291
39
871
4459
1963
842
87
1390
2477
1081
612
77
118
7492
7777
982
3630
1743
1626
39
2671
259
354
3003
593
250
1089
275
6845
3244
626
1080
6227
696
182
125
20
518
413
1029
3529
5436
620
6376
882
70
223
5249
30
54
0
527
3147
5275
85
437
1284
8297
9836
14051
247
2891
168
3830
9
10069
220
78
79
4557
1963
9
715
749
264
1847
18479
84
1801
6190
184
4307
806
6297
2430
317
4239
6158
45
55
963
14
333
884
628
4530
651
3356
2208
1108
1724
3332
371
376
2273
970
91
1225
430
194
14152
742
4430
507
527
960
969
9413
6003
3576
1756
5765
842
2806
11032
766
5646
434
1636
676
76
0
171
5663
553
12593
2087
261
46
16450
219
1202
122
218
1055
1491
11362
5843
156
4055
3819
0
14
148
159
4656
1304
387
3859
1884
114
79
216
1780
37
33
8205
4061
276
2326
716
51
914
6104
4719
3656
232
3457
730
760
2836
106
5343
548
67
317
73
619
3222
114
6858
16
250
2942
1619
4305
17732
628
296
2571
2423
22
108
637
109
647
1465
381
7468
1328
2296
1976
0
1316
1121
1229
1083
2397
436
62
230
14
3278
7987
58
294
869
76
7766
1873
311
923
3374
282
740
93
860
688
173
6754
444
1192
4706
739
9165
1166
2834
159
157
0
27
595
83
2744
5022
7255
76
21
145
1011
457
1360
3360
17718
7986
11738
24809
1793
95
545
15
5140
21217
19291
1166
88
4693
994
13
4222
1157
656
444
15744
1878
889
2908
444
9125
2696
7
201
5293
127
1994
94
7988
1994
1298
30
89
5575
975
13759
1647
4670
731
2874
3695
1323
432
839
1093
292
1424
529
14116
721
1221
54
5077
1666
90
440
2206
2768
595
248
399
46
1235
9967
4290
66
2129
4389
104
63
4879
127
919
13
1762
1026
560
9610
489
4090
2148
2390
39
4008
4907
222
732
6599
843
1092
122
18394
693
1727
28
2649
284
176
552
2944
9627
1295
2270
3368
331
644
466
1219
1821
997
26635
13349
3841
209
213
3477
273
1169
3213
85
1400
9443
5683
620
1163
3044
52
864
1725
13
343
2854
87
922
723
184
212
3651
541
1435
121
1656
3247
229
225
420
2
0
86
1329
5387
56
50
24701
8525
397
466
566
6479
13
234
1032
1133
10
10778
581
195
307
1532
597
2745
390
20415
858
8662
3204
1230
4032
1787
673
3162
6794
2014
1177
717
2301
310
422
105
681
700
193
9478
4323
114
6516
1297
8591
17
4682
13216
211
1270
133
12
599
275
2714
1189
9697
917
977
7758
39
190
1004
3048
2304
3700
3566
2412
278
60
2457
9
109
186
5526
7019
12195
528
94
127
3385
6049
366
499
293
1490
5218
227
3933
648
5881
234
47
2549
2648
220
3849
1147
11539
7656
293
818
2536
672
2983
2373
290
2558
9
11933
1165
78
2220
795
3822
1177
329
2106
676
20
3750
342
677
60
2404
255
271
8852
769
712
997
0
946
801
1188
1201
566
3249
802
39
188
4600
1135
80
899
463
4248
5574
1007
5995
3379
3094
560
0
1745
781
4709
333
451
2575
700
680
513
1100
317
2492
3220
209
518
231
2088
52
130
7730
8190
4971
842
20
189
46
354
81
341
3248
3672
76
3
12
26
49
449
1422
709
580
1020
291
2910
392
182
29
2508
3856
3233
2083
8763
395
685
390
1525
4328
22
7827
833
9596
4961
1716
1627
431
1339
1693
310
2082
1346
513
182
642
8645
484
429
44
5
609
7033
116
639
4315
250
86
7449
153
6
468
393
413
208
4479
585
6123
3549
1978
1251
5973
76
1742
6422
3185
232
8267
1841
11648
6334
513
118
146
3451
36
1040
120
286
1016
7764
2427
351
389
6
634
642
607
2876
9543
1148
1855
2160
2132
4774
5598
1541
19737
203
5404
491
954
0
6700
5120
11307
253
22
690
3405
175
3518
250
236
967
63
740
198
273
