1524
1420
3983
25021
10372
12402
247626
6745
535
228
175
678
11317
14864
10116
14
2154
1136
335
31164
5600
45267
25716
15858
9675
28780
14743
1203
41439
4612
22348
2758
2984
4374
448
7288
8911
4302
8478
16924
3587
160
7848
8816
42472
33274
23391
4352
16260
2952
49765
52756
11444
159925
2805
22916
24582
7634
2336
8058
488
35508
374
1280
1803
1283
7809
272
27307
32963
370
60871
2623
18107
3675
16138
2126
4860
38306
713
70683
3202
3154
70941
613
11779
5081
3711
6483
48808
7122
1829
18289
503
110423
6397
1138
20289
15719
9727
29324
34879
19056
3213
96
16579
18922
12435
3027
38678
9654
4169
12643
36217
24562
12216
49314
1089
18460
34642
8180
265
6799
77
3895
9465
746
604
2819
581
8389
14889
148434
5600
12299
22685
11217
7677
1221
8738
26729
3244
171390
33915
12033
7681
541
68216
7694
4948
336
7579
12933
39254
4647
3401
3002
55906
100401
4132
76580
8
1079
15232
14556
14544
137057
14121
885
6242
23731
4175
20819
404
13177
13331
3111
20190
26975
1274
5109
135288
3754
1579
13225
41758
4435
3709
50078
5479
105
1275
401
3841
10670
361
5102
35792
2886
3029
7486
1347
10557
8330
2252
101800
15794
1330
24349
2531
868
29093
326
2272
8611
3314
42038
3281
37648
9722
834
25737
20649
9524
75124
2179
31124
3718
40131
10814
28517
5350
4485
3515
2494
25411
4577
1963
475
8180
263
16968
87465
226
5224
27782
713
719
4454
16670
2055
6308
57296
42600
45126
53926
79773
11637
4720
9482
2062
2436
107172
58060
44602
110648
91104
21239
1161
124585
109711
30153
663
8565
16922
39
5065
15732
664
16812
668
7826
24646
1595
15725
14982
0
312
2066
3562
5500
3
12779
66377
6263
11131
96353
10571
4994
613
7611
3134
11669
6638
14547
693
111443
12071
9894
6901
266
13042
2903
11559
27049
39753
1812
56745
30331
4909
7465
51000
123462
50152
5383
12551
50
3115
818
21410
10143
69599
5400
16023
8164
22856
6642
4954
2924
88824
4075
5459
7011
7413
14942
2599
7803
905
114
4719
65614
6159
5037
859
8674
1173
39717
6886
4694
80
22584
43147
48648
19902
1573
42216
45901
2835
68553
14352
12094
32
11535
51587
134
8
11334
6312
886
56
731
26247
4391
1877
1519
1508
10183
1359
13194
3700
3463
123810
50428
67135
10139
475
166757
1841
27665
4183
11528
13349
12699
4395
3986
2546
62488
1806
72
15811
11573
13035
538
2806
13373
17927
735
5993
4710
9364
27566
11090
688
32316
3688
16369
1739
786
8160
110422
27220
20262
11507
1926
9619
4775
4818
15437
2570
12703
58178
33425
273
75
25751
1384
999
1568
2276
3118
121228
18985
5847
61964
36331
4387
345
8156
1969
27084
3382
5566
4308
589
46709
12201
6879
648
226
33007
7379
1329
1553
29
20530
823
6789
12845
4008
1696
236939
7982
20385
24485
3024
73207
75
5614
44909
21670
502
1961
35522
7004
112102
19998
9971
52814
5315
1127
33201
1058
185
168
11308
4126
49581
3914
58368
2121
78573
102
14393
9028
9
1157
69310
31
2462
320
15177
24566
60131
7390
2831
174968
51641
1124
2666
2637
9881
4571
17514
1436
479
5797
845
43712
857
2843
8968
46815
1039
84818
9366
52171
1169
2145
11211
20430
8319
29
27565
450
254
10829
2501
28227
302
31165
476
10983
13228
7871
1635
3031
19221
2800
8185
36610
9230
37
42759
49539
987
27050
1954
1156
1132
13353
1896
2673
4449
17458
5642
23907
110
2279
527
923
22604
790
49214
32632
96573
40708
607
51895
10968
35765
53078
54
8000
56169
901
19689
75973
1952
9140
2677
92
12329
5396
8503
6716
50247
46054
3111
111560
20012
716
5703
426
18123
1357
27645
393
10680
661
3921
27116
189
19951
33479
39126
40413
2933
1554
763
10641
36572
2823
6629
911
5313
5008
34041
74196
7134
11960
12557
3883
1812
12219
146
60189
10186
1421
25874
7003
307
5145
2
4005
7712
8615
21263
6489
10512
10382
1178
32111
7204
12506
115
56046
37712
1606
2089
9363
1571
1503
932
21039
52503
1246
2481
6581
29886
3405
34525
2020
10608
5173
36561
35087
36376
1796
76467
1636
13047
2494
3414
48950
11649
13748
154
1452
3728
27991
37384
1443
97643
2737
3769
24469
5155
692
18330
1260
12160
25372
12069
423
9758
25741
26
578
20161
88519
41999
548
872
36368
88337
15085
13394
2743
29522
823
1419
23917
1793
21728
34194
129
1952
2797
7149
25149
12291
242699
5977
14603
9576
3307
260
172
7485
74510
26255
5625
20924
5778
2090
58104
17069
2301
33600
866
80830
11104
9185
7680
30439
16302
54871
24771
11272
6857
2180
2039
37621
13249
477
365
39951
8882
8449
2425
64
12275
39354
21099
23501
18116
4811
7302
999
49078
6274
85
13105
47575
888
120
8277
28068
169
2027
5564
588
5545
