63095
10586
435
20966
6021
303
41404
50
6354
889
24768
6015
42262
63669
3547
1416
49622
7513
3513
197
7799
46006
24866
25007
34018
27343
618
26120
5539
149969
9314
15385
4659
8923
3077
16710
13196
39135
8263
115
1196
23634
280
23935
11477
907
2586
7120
3011
2619
27800
13768
4972
4254
1548
25461
2770
92074
8672
30832
6520
23089
3602
25863
2454
40479
2379
7371
556
7242
11769
39300
1785
2559
27000
28122
32960
17683
9103
46543
13123
6391
4149
1134
8235
829
1823
12320
1325
1330
1272
1562
2174
39730
3249
17484
264
228
955
3692
93421
243
6043
39099
609
15580
2538
2499
1416
16708
6155
672
17
3464
13019
2015
60572
46539
1635
5779
9844
2128
2027
28948
34664
83494
8817
20053
1741
31392
32900
31438
898
32010
12773
15292
11951
2561
5838
45
165826
2407
1125
55743
812
28043
3953
690
15777
7076
12587
550
12105
12842
1584
8032
6661
491
4079
19980
2749
4294
31261
21465
69360
584
1089
44284
3029
63
3313
11304
7249
1329
9537
3653
23676
926
307
363
9793
3999
2532
16700
12858
19610
442
4324
11956
15160
9432
15880
1115
2493
2233
4225
10906
25221
1028
3199
13409
360
3457
207
12551
19203
206
1697
20640
16815
30944
857
10543
8917
17236
1347
1323
906
5793
110222
43681
55
3561
38699
4749
3414
687
57187
8186
24052
1388
5636
6970
4776
10076
82
2381
223
1794
97708
1360
1169
10977
5495
2220
7187
228
820
11969
546
2467
2018
19346
47
2403
1313
34
123
481
8785
4433
21933
7003
8941
7284
3837
184
1907
2123
8999
9937
4291
4075
8682
311
3384
62704
48549
161
4040
7424
19425
848
2737
837
24622
4025
20628
93
48468
37046
2040
26916
324
1329
1661
414
8833
1353
337
1732
2141
2116
747
