3876
21617
17
21571
13041
350
1013
190
2894
5421
1935
1549
38669
10135
8874
14379
10671
1034
8482
87901
46
10275
2671
10065
1354
312
699
1544
43640
77224
6270
1420
2708
5602
15552
14654
19373
3874
1921
4089
6632
18395
539
739
5023
3601
6946
1476
2045
1604
13132
3512
2539
27115
3530
8531
6334
1525
4674
117
3595
5739
9060
4565
736
17247
375
19558
26656
44861
33392
5843
5537
3750
4267
16748
109
15482
3467
4011
3848
2106
17363
14566
395
74321
510
82
170
1242
138
2212
5555
6276
4027
9155
308
5373
8017
3726
27847
6521
6786
3674
7054
2800
2357
14180
490
9029
14045
51307
3991
22729
27
11888
43160
480
1005
10009
