9477
2437
25310
7484
18354
15351
2707
2811
1232
4984
345
603
920
1881
1493
6031
496
2058
1708
6138
25127
2809
3235
53
150
7877
5633
7140
27
1719
2167
17842
2238
121
1519
7697
2178
2620
6497
731
2324
2600
2777
269
17864
1391
5996
1292
7386
3832
390
812
3942
127
60
372
342
1118
377
1148
26325
2086
121
12783
11585
7
115
1092
6961
462
187
1411
1328
1624
4848
17734
208
110
2852
2552
68
2328
2091
246
16323
2299
5060
1090
6963
7881
890
14093
29182
799
3659
3829
9395
1025
9835
18787
2214
2464
19602
41
910
2062
1914
6110
5222
5590
3068
4117
2358
30119
22334
3659
11776
9285
98
19404
314
372
1071
1093
217
1270
1956
2865
94
332
2219
8041
8262
10218
997
2489
1428
1807
838
5164
701
966
432
6934
3156
3394
896
5312
3660
685
17044
15231
11484
61
10
15
1606
7036
2081
10041
1482
2
3489
1480
7694
812
24970
246
14527
66
30610
10697
175
20
898
18402
1091
12879
274
5416
3782
965
519
3147
793
1444
15923
10404
2412
1185
2845
12405
4034
1341
774
12734
2428
120
116
99
1637
9999
11412
22463
3927
2588
10932
28741
5900
228
1413
1376
3664
121
2091
23848
948
13185
13785
2232
14649
6280
1166
34
97
15850
348
6656
52
8787
1890
382
4856
16211
10312
617
4873
1100
3166
4153
1676
172
3535
562
816
676
9816
25398
764
1019
6180
9478
551
146
964
68
2820
249
107
5412
1003
352
37761
6537
58
6602
1618
2469
8198
224
38820
2525
223
419
2943
11748
432
1365
12267
9659
189
1296
17584
612
1656
383
742
6391
9511
6550
7580
1126
1599
1379
2551
31461
2184
1975
1247
376
26233
310
9311
2876
1400
4674
45923
1558
2546
7573
3281
464
526
2681
16536
191
2941
5055
883
240
2179
2451
9673
419
10627
8062
1360
11964
497
2860
334
427
22853
16746
2050
407
2538
3309
4262
3283
2854
67378
601
13248
3232
145
8114
14605
83
6338
196
492
7115
527
642
5533
1343
2839
3548
1359
8777
20174
1427
7776
3529
1073
13676
4340
3715
2860
8099
1303
29
22928
11345
0
6144
3073
4096
11890
4062
1904
243
11893
8133
2088
60743
4560
2623
2067
1540
316
57
9451
193
13536
3861
305
3679
266
216
1189
7419
19406
5528
15401
95
8695
1118
617
5649
11
4517
610
702
237
1214
102
7598
1515
470
1889
185
2322
3752
12243
6233
999
17746
25355
24180
3946
1355
291
1560
94
885
33
3454
2925
321
94
57232
1503
32712
2671
2303
4410
3239
2661
10104
672
469
2427
15597
950
2532
2209
408
3502
122
4203
1740
109
20458
32066
1178
927
966
347
14482
173
1328
1141
2903
722
3243
426
2706
4840
2446
17866
4923
3086
698
1912
7338
625
607
7729
344
3187
7383
32942
370
50991
40
9276
171
7057
11278
916
20
354
1320
2317
2395
10377
8631
2497
1342
77
46
1398
2098
977
3806
16180
485
678
39185
116
10704
1753
5954
376
3114
18
93
32
526
417
1680
369
1247
9534
192
1621
16449
946
19793
10334
2601
228
20549
5962
10324
8013
47386
2449
1884
1044
1434
13906
2289
327
7768
1721
762
2306
7455
3989
2129
11813
2456
2652
5152
6237
663
9733
7642
15386
3428
2486
8936
1014
17185
582
1839
3032
996
5723
7254
1348
37183
496
20604
1150
1663
139
15294
1065
1555
6023
1101
1294
4932
2034
6
4913
13028
3256
9358
9311
587
565
34555
77
6344
2235
3762
672
93
10333
4909
83
5483
672
581
33348
17
2370
1027
9332
5323
24608
170
459
2411
10682
83
5307
7415
1954
5268
52
5968
481
3932
1227
72
86
172
4965
2162
889
5881
36728
539
516
43
22844
2022
9426
235
9088
465
277
238
3870
2067
1307
1603
9307
8534
10563
13811
265
873
7313
2501
32663
2844
1023
19659
3851
3630
728
438
23798
1345
13828
7269
27336
25157
1794
512
306
6664
142
1114
2820
802
23481
433
13790
138
104
1954
11139
30262
267
6844
324
1632
36
521
12117
2594
769
2126
1633
7946
4510
15754
11828
12
12803
1390
3513
174
1048
2132
558
5609
4402
5974
1412
3505
52
1178
132
20158
25668
630
643
9058
877
10
1272
975
4438
83
11613
44715
8391
9334
19719
11497
8385
5196
5134
2788
10981
3806
938
11792
5122
383
776
9270
222
1077
176
7912
25240
6716
1958
1430
28679
4296
4851
617
1338
3414
6136
23878
3144
1171
1348
946
272
14240
13074
1701
22040
684
4329
14555
4884
2090
19349
5121
20879
311
9005
1314
2131
16914
5251
51
33466
812
23735
41729
190
7609
5577
488
3350
966
5549
24072
196
41491
1798
1919
3629
4531
461
1376
471
23989
631
376
1415
33
536
126
1620
1805
3163
108
4536
13829
8303
523
22
1347
304
5357
1619
3934
1146
656
635
616
9490
1223
7672
5009
1323
13043
706
158
2766
1279
19
2110
199
2216
441
116
10666
437
1752
2792
1737
695
446
20002
10454
5110
914
100
5879
1671
1323
2183
6104
8993
2650
927
3573
239
18864
4342
2003
8589
11035
5658
4757
33108
3728
1140
41627
4215
806
7511
4456
1714
2119
6324
168
1837
55241
5710
409
922
1258
6192
151
37593
2
468
20723
399
14317
810
8464
18
2069
122
106
360
841
1528
14059
4583
735
983
199
884
6639
5830
2511
6337
422
32156
646
2469
10188
2088
14255
158
3665
1767
31
9407
1366
415
716
752
1830
18510
5715
1384
1395
4593
21685
1552
10636
3293
1037
144
19973
10572
1449
414
1003
6707
812
774
2457
9955
5075
4916
1241
5245
1029
1481
281
38
494
14682
1036
4139
273
2802
18961
655
21024
10745
2039
1493
271
