12192
24478
10891
505
4299
285
6963
7055
15830
69
106
241
397
4491
3317
1234
0
11451
13580
90
155
31067
296
5731
4661
58
1038
2386
7436
1945
2305
3418
1849
438
194
1057
371
7221
4664
8071
5651
1372
1077
6801
190
3202
2512
6840
27914
12570
28053
28093
7
4113
2684
10730
90663
5615
9096
1371
639
22873
900
360
3964
179
162
8897
1313
9570
57142
2263
24256
32839
7667
11530
2294
875
19818
66177
126
27109
4899
233
331
1877
3626
2874
1204
2050
13169
951
45702
8780
512
51303
5761
21
26442
28449
27239
4457
731
2439
67
6772
335
926
4471
28682
3520
1216
19945
3345
4976
20635
638
1429
3888
14908
923
1661
2639
34671
2510
492
8700
760
2174
380
2885
14324
806
8833
15397
1407
1251
753
358
2689
28545
0
2312
14991
107
16779
7649
6029
1045
4834
22943
322
8709
2897
6041
255
129
50646
4965
14571
16053
8628
18729
259
17679
2827
362
11993
18735
3933
2632
204
44336
415
610
1720
1126
10880
5454
5672
222
4754
2820
3483
10912
10562
1373
402
3249
79
11102
11664
14
488
195
4817
35931
3990
793
24509
2782
37880
16227
659
4474
1363
3110
2728
3162
241
4159
287
5603
36966
3857
12271
4193
555
22043
12333
6346
1776
1115
4046
18074
12718
24117
21836
18900
11064
69
6
8109
3247
5473
3135
13425
6777
12042
6282
2077
5504
1720
6590
1741
2019
367
347
1063
5537
3915
1748
2040
3736
67
4446
12915
668
4809
7554
41680
101
2344
504
64
1423
26
1239
41
7359
18759
207
16736
2816
4087
1040
1963
609
415
13791
13545
3009
10867
18208
2798
1343
11819
194
3224
1699
28303
6637
915
2345
13268
36384
542
4379
421
3041
2466
2349
41
13896
2097
3967
9552
3231
16666
4618
717
7536
277
33633
1439
6116
33
433
3288
378
