14541
324
9392
3221
1275
209
2175
5386
1807
61
12954
966
7749
741
13824
2271
3133
7995
233
5419
9735
596
9994
8974
44
11150
338
38759
111550
7512
3545
31893
1622
5847
36532
7149
7207
9913
8655
35814
1868
172
6033
2997
2998
22684
1589
79136
73700
686
3838
465
28068
331
18460
42253
16355
314
24096
34
36764
12705
4267
12303
25
2644
1867
350
6066
61
2663
16181
1724
266
12961
41898
120810
2205
579
14716
21613
16365
11139
17373
314
2231
1760
20292
7192
18171
17459
143
6187
1974
7178
2233
39405
2145
447
24214
11155
1504
2944
10409
6442
17910
16162
4853
13510
70859
5760
2930
19952
30190
5503
2844
44037
2301
18278
34537
7209
1874
110
23388
13266
1185
446
5981
3887
11293
16007
358
20711
13098
1498
557
12219
3656
37348
7652
95480
5591
339
12760
683
7328
31092
41973
12533
1285
1122
2928
14302
11833
9827
5104
2931
1872
22344
15673
2509
2856
1428
11900
298
6428
13675
1252
106701
75368
12180
7149
58464
5621
1259
12980
30467
34831
1424
2769
692
1394
317
8961
8278
766
2603
4307
135
5
21068
19142
1254
41817
4490
12226
5464
3963
1129
3610
408
8409
9905
17859
1777
2523
215
383
589
1668
2008
3066
3096
182
1408
494
912
10480
60566
3768
4532
6796
4947
6783
15793
198
11140
18171
25236
14186
28001
834
270
10280
1431
894
19159
59
4017
49
22
7029
39194
44073
17846
3706
5070
30018
3560
5127
5447
4962
386
11315
7227
36656
1038
2906
64720
191
22557
8513
3010
20142
23108
26732
1947
32962
3330
32605
64435
2204
828
290
7486
5002
3496
5711
19
31717
1053
25491
2726
2
5055
123
1836
882
667
7194
2053
2119
11574
24570
22914
5278
10332
11570
9035
202
5413
76
9347
2779
1391
780
106165
7442
6351
7001
49816
3636
8295
102341
2423
11249
5295
241
1352
377
3980
10544
3212
17493
53467
28117
3734
1165
32244
4939
468
5201
65192
3512
2789
73
905
20931
2311
6113
50427
18834
1724
6858
628
3965
249
7323
3269
6107
363
782
43936
34625
224635
17484
3060
108
11607
7078
6127
25846
59455
1719
388
8800
1630
267
192
3734
7862
22230
89868
994
5353
1026
12287
11837
1652
793
3252
973
78299
1627
6051
1051
13027
20747
687
961
4823
919
33207
596
4750
7063
14926
55225
6531
5112
3793
6414
3767
1463
38539
4876
11650
1114
3064
3496
19824
7119
2844
401
4638
12837
29954
8096
1079
3352
2639
58
2579
64491
3762
876
486
2744
1278
1090
41705
19211
13048
49601
1018
4995
62264
7033
1404
524
13921
10186
13
26646
6384
604
631
3777
16542
2456
48507
2264
24159
31381
179
32
1196
66025
10692
175
11742
26938
5500
13586
27019
884
5621
11605
8000
10869
377
5006
235
6292
15171
815
12176
5561
65696
2457
782
29023
14088
3694
5828
989
2085
1709
14937
35432
2428
18406
7968
471
2987
65437
14909
5693
257
2145
150779
84
22139
13104
5002
123195
27595
7762
2423
16377
7143
20919
15055
9209
5107
2090
10180
4244
4369
5404
30023
179
33014
7797
1049
160
7579
8749
2783
49827
