123
474
648
1526
1376
820
74
3461
2
3255
1221
81
2021
714
724
0
38
5944
225
78
9
531
3391
166
1645
380
56
2255
3250
3850
1410
1547
3943
98
419
662
93
61
3214
81
123
5845
1761
3244
20
276
2911
121
191
1598
191
1395
3763
8
422
1233
24
1605
175
308
156
583
691
1459
106
80
331
6367
512
1015
711
584
1200
7
900
36
3855
2245
334
2339
202
282
675
3
862
383
3636
1736
2788
226
6529
334
739
4210
21
209
312
168
2471
5498
243
3995
229
138
1880
2764
5
3224
1909
93
1107
482
1040
4751
90
145
1408
146
1341
452
768
1901
208
53
325
1688
1600
3586
421
307
129
9553
3621
1991
338
1921
1962
156
3021
1333
704
919
292
199
193
109
1630
4482
177
5193
2724
2856
295
832
1235
1107
82
2815
932
905
11
39
190
1935
1141
1200
1127
95
3721
107
373
27
411
132
20
893
114
939
1854
3008
9
2327
748
474
189
751
3672
675
1225
8297
40
506
127
1475
279
978
27
0
6167
4375
3792
1262
201
1334
133
469
110
596
1143
1523
1995
353
775
902
1372
7477
50
724
500
634
9600
1681
1667
26
1034
2675
2273
4517
610
38
101
203
87
1588
813
54
94
850
315
40
2713
382
1279
47
207
185
43
145
5469
796
1638
5744
261
119
403
24
3592
2888
668
6320
1101
1516
130
59
334
329
182
61
1205
5560
5133
3275
521
1188
2595
1432
0
950
128
224
317
385
416
271
973
77
1611
2293
8334
305
135
751
773
671
23
106
6434
83
937
159
2114
8262
363
944
757
131
420
329
149
2439
45
636
1083
42
127
421
345
79
0
422
2330
5577
841
98
373
15
665
963
393
2169
4395
109
1084
10
3465
803
168
3528
34
7346
312
0
494
3
79
0
843
9643
234
1229
1687
1656
938
322
397
15
457
165
2173
121
21
1622
7646
3103
1520
700
368
5066
164
47
1604
59
118
2390
746
135
691
1365
1174
584
73
33
659
317
389
214
127
4182
1
1937
458
0
247
147
2313
73
102
5208
606
5791
2417
3167
4055
0
640
11067
192
293
2829
488
3171
909
423
1065
524
44
6924
150
657
3253
259
45
643
54
483
21
77
552
1057
1075
512
372
878
2458
142
414
142
1351
20
31
595
69
2840
751
826
1726
1826
374
1743
672
956
149
70
145
816
3510
5853
106
207
756
39
196
159
394
123
3938
285
1632
820
293
1731
885
1177
895
1378
50
2070
1331
132
390
162
446
25
275
2854
353
16
1381
76
335
685
204
68
617
949
411
333
99
865
128
1922
2485
880
955
513
1546
224
1226
97
176
911
290
887
172
532
1128
561
1479
590
33
