6425
17791
11882
7419
7060
11067
25298
9593
11099
3499
14281
680
954
233
6869
30234
37674
3549
6277
1326
1362
7154
9144
238
1000
1457
5254
54
25552
1174
591
9970
2429
10747
780
2811
1483
9125
676
737
7140
43919
4861
47394
32261
1118
5668
2117
863
9722
342
2933
5160
38036
42963
10485
39047
508
1812
1645
1433
80004
1099
14724
255
353
2304
7541
7582
537
527
11356
50
15338
18836
5936
237
17782
3399
8041
23004
4723
9665
4225
28201
10295
10345
10572
89
12603
805
94446
7886
20475
4704
353
13461
1508
161881
4066
109
206
8737
25106
2920
12750
7970
33140
141
918
215
3553
273
3673
28114
387
4886
30525
601
48300
2796
2851
16372
4622
2434
27360
377
3747
2104
10384
4914
354
23954
800
13172
31682
2852
947
10023
62
576
2490
1821
21485
578
4868
2161
477
94
54029
119
15723
1246
276
67087
6116
19975
127
17398
13383
1557
18012
9160
3858
3263
26153
4021
19097
2780
205
10367
5422
733
12715
3797
11035
9265
1939
1677
45
558
8690
402
38078
1184
2036
91799
2771
19220
7246
648
4304
666
3352
16292
589
7638
10232
391
906
1692
3283
11039
1111
332
11675
4092
2507
17214
14680
257
464
2270
965
15
83
4424
27719
8023
17242
32257
2424
9228
11513
2325
1782
89566
1614
226
46720
5342
3712
363
64430
1915
360
7017
1333
3356
42819
1905
9579
9031
70259
7964
8623
242
358
11461
2502
700
4661
2239
11637
2701
4714
16112
38365
978
6268
5992
5340
11529
20808
3800
4614
13972
52213
1194
30550
9246
18273
21210
5946
455
25911
1336
543
1270
1038
20777
14000
193
4923
2242
1464
1320
1793
2252
1217
3096
9801
1913
15262
250
5
79284
988
48712
9314
12538
19029
426
487
11096
21240
1601
4800
80
11844
248
1261
145
884
3192
648
180178
15634
257
5369
1306
3665
3402
2409
3502
19960
1449
16141
30515
4322
2912
69971
60143
0
30275
7346
2680
5637
339
32137
68
166
4719
8791
417
2931
49955
421
2309
3890
1570
14390
1206
11976
630
2589
21697
14219
336
5491
2364
11008
14650
19336
4448
3583
446
1383
26184
3662
3526
349
14814
921
914
175
1843
2482
735
1069
1151
5574
12227
25276
3439
8242
9433
3298
475
3662
21761
11007
2997
1457
4458
11915
68426
116
38
4380
684
67691
4001
209
19747
3297
302
2264
380
57
7859
344
13559
56294
9007
2040
5894
12094
17093
4395
119
17840
869
17419
868
2647
17488
87
4323
24276
166
11355
3983
801
14745
151
163
760
10321
69966
4008
22698
34445
575
1631
285
2083
5533
16272
59112
8277
318
19086
8346
1103
8811
5752
357
2446
879
6300
202
3872
8333
12971
2131
7029
86972
32936
16219
47131
260
63
2327
68597
1412
1427
960
17078
2428
83584
3582
13813
159
17
14485
13
24126
6658
8337
9548
468
1627
23502
22605
4133
1214
25031
3071
6923
2870
35776
42697
6220
10200
13178
14791
676
1944
3454
12869
3394
40893
6688
308
21318
26
1057
2696
2074
9102
928
2076
7805
4803
5723
24197
6577
7700
42369
4045
20859
1172
44593
19539
54695
233
2116
54033
6114
701
4755
748
7061
2681
4973
15528
2575
35291
1083
2023
8422
8451
748
11655
61793
17054
10867
17655
482
10505
357
1771
7709
13220
43163
1067
22278
3822
5221
5463
1569
1847
32179
900
170
15978
19522
5378
1064
3528
376
6593
2236
17515
84
302
37056
3416
287
31529
2977
23
1008
9649
22798
10575
10654
15971
1765
5665
12913
3473
7698
7446
5004
8336
6218
2171
705
11189
1861
10110
4169
900
61016
47279
34017
5126
10804
813
503
139
1590
6900
203
104
83394
23752
30998
5325
1700
3473
18387
13974
18919
1390
14148
12871
189
6370
1382
4731
1127
26243
22621
4204
2868
13411
21702
13987
140
53613
42931
2502
75
231
280
8578
9323
40584
153
1078
5151
7699
9902
7047
4286
26017
1367
13642
163
2179
35526
5504
1114
1458
7651
36
18393
160
18257
491
195
1072
99
3342
9593
8376
903
20254
6283
29719
2229
11105
1954
3205
888
25277
4164
9765
92643
2750
3303
2987
2587
30842
3740
4667
21604
3062
669
3302
5324
351
1176
783
4418
3654
613
10522
12785
531
10578
1671
1689
536
16563
502
10963
6
424
1871
6544
954
7133
1962
3250
1102
244
20973
7272
11598
4594
533
43706
1615
3759
60954
2041
868
7527
605
3849
6232
1745
2097
20054
8521
651
108
1052
2127
34057
837
2870
22221
19361
26779
9301
38728
5435
34984
5214
3752
2224
310
8800
2774
3450
7262
1994
14855
8001
50115
3308
14610
58499
47086
3647
1642
3640
5604
17757
58975
24003
1150
905
26818
2499
1675
419
21816
4179
19830
2655
28001
4920
1049
54297
6595
484
1628
28677
221
71642
39824
29412
112329
23783
2336
6726
178
16600
15472
583
427
6374
1816
23175
20288
6
4263
1386
8685
14978
6861
7680
9090
3222
1300
854
44651
702
13253
442
1524
516
8305
962
3052
67182
7170
6453
47095
20887
34347
6624
400
5245
4173
22457
23031
1144
4838
5588
89450
10723
15396
2763
249
475
10265
4578
28560
78
3839
6943
184
3433
23795
964
735
577
60805
561
8903
7355
7540
1456
2564
1660
39792
2319
15709
4076
30167
1126
2173
54594
9127
1213
6288
2327
710
741
18818
2008
35933
5246
3257
622
24736
1401
1231
76
45
2113
699
396
2940
55139
51
2836
129694
3199
14217
9332
2031
5556
10439
5280
55838
3488
4878
423
470
1021
374
956
31890
32363
856
1408
