91210
2084
392
8427
1166
1516
25887
12591
13050
12137
14630
16942
39
10
1465
6055
98
36722
40575
873
4254
5717
2589
3438
27753
9801
6240
3227
63743
12725
3856
356
955
698
15137
928
37591
20096
498
340
2214
40361
7448
10210
12830
455
2199
2688
2781
1464
4482
2002
467
5058
292
98699
1700
15229
14116
3915
41
28388
61837
19402
13949
10140
33481
1199
1251
1224
11612
4888
482
38067
470
3664
154
5345
645
30065
25766
354
1827
1890
20149
587
3322
18404
2041
34219
4929
4994
227
487
37758
146
709
1790
1628
1672
41684
5261
15137
6719
18808
882
8
97
10361
9012
14362
12289
28620
21544
689
2232
4965
864
5024
13828
2838
1713
1608
3892
29822
28718
3406
17442
2710
3353
42769
6455
5062
17
6493
120
42818
2654
551
1563
2556
47587
8113
13058
5557
2484
2571
25010
27
5451
134
29309
2831
9902
1124
1119
40134
68703
49176
14351
400
8979
1606
16095
81
1829
2251
1273
740
62506
334
4865
6574
17013
213
2395
7004
19318
761
6672
1567
4026
654
561
5481
7349
44644
4199
4735
2057
865
1231
970
119
50248
2227
883
37007
2273
1373
547
2840
7907
9810
6660
28016
4155
110
2052
11760
11
733
32305
1266
1543
4116
3728
82393
2082
4766
63
52
7398
70070
4327
13863
33180
29648
2144
9261
20550
28639
3112
80
2007
354
7020
8458
1477
3241
495
155
974
12346
1422
4628
983
1878
13849
27215
7369
17468
22574
7655
7130
12019
8655
1091
8269
1068
35801
4467
472
6975
23905
285
27305
5690
4924
7860
1387
119
25911
60186
3902
16972
2400
415
25152
970
5331
22728
810
14820
9292
7844
3273
107
66762
32596
2393
2099
17435
4854
10567
2302
875
11976
2182
5057
63946
30985
7087
160
1952
40412
12467
46769
689
156
9693
141
5849
836
1909
5623
2856
6149
509
244
738
733
130
10285
12803
1434
52
328
17
60
2183
804
1187
2655
3291
121
5023
52218
89
605
1519
1799
54
55892
22869
3384
1399
3641
9
4957
4315
16741
1346
2227
58
318
1039
39648
741
207
3019
5800
523
114
27834
8065
108025
11232
9503
3334
5390
5191
11239
2126
619
12320
6637
25972
59
59461
2000
306
7287
8139
624
33220
3250
10895
16630
77
1595
890
1619
9777
13854
4665
3994
860
3022
870
1324
15709
906
740
35542
2831
116
3953
8063
434
2792
684
1815
2239
5113
2699
353
2669
237
133
14655
52
18818
23521
21945
843
127
3997
1442
3247
12698
9074
36696
580
7692
10093
37191
65
53775
54
4481
66890
2597
25130
6333
3752
144
109
205
12836
90726
40370
8212
36491
819
163
3988
759
757
37706
2271
5543
9026
424
130723
9513
2159
2898
4473
9447
7
435
315
10701
33716
3819
30773
10466
8188
41
2203
835
326
346
5135
183
11181
4873
42064
3734
41519
2916
4650
750
65585
1148
4519
14385
7656
869
1924
6128
5730
66681
41940
4590
4771
7561
2045
2951
3241
13580
6913
17145
1720
7085
2350
2044
5323
3964
5843
313
278
3048
17389
181
4650
40198
22899
8754
8827
3669
917
4149
9305
723
12886
2561
1092
382
14247
463
5495
3830
20853
4036
48357
1101
4566
484
643
30864
1700
698
2064
249
28868
4398
458
10619
5829
6458
944
269
4594
3211
78028
27564
10751
1186
7838
19661
23556
5475
724
3729
44489
97
39145
144
26099
47
985
172
1051
2609
2067
25598
1879
51
164
909
46208
70188
24239
39671
3406
24297
63
3642
27302
12087
33677
4510
7046
17893
22294
2838
1123
21514
52311
13560
6456
12122
1321
13967
11386
10100
10638
12143
8808
14509
1336
237
1951
881
15
20280
23908
34508
470
4543
155
4798
6748
11092
6732
1806
2870
110821
33527
1612
327
35339
43614
2228
56079
12795
11481
2069
1280
16594
25481
14681
10947
15610
43705
70
8925
1460
169
13388
1985
222
30
102
19630
8723
13940
1952
14301
256
37063
1002
3139
9140
1517
21372
26483
2646
363
4337
8006
3605
4514
7423
475
19352
69706
8662
8206
20
9937
31807
18329
11190
47394
6466
13603
25698
1843
7377
148
82565
61
1860
184
1848
1118
717
537
418
8776
6415
8820
1065
2756
161
8018
534
50
1736
2110
303
64399
5837
13246
6685
3326
8870
49817
26653
10590
35225
12062
814
55011
830
10735
2783
1011
12626
135
723
767
6672
43500
11653
3330
1225
2723
34
441
736
66372
675
23842
599
6806
43475
8665
1010
1515
9393
73
9112
28917
13282
691
13633
9
9469
57963
1957
18357
1820
42660
367
1181
9782
2658
15179
39356
578
24255
3557
4183
1225
16120
227
21780
6925
446
74
33418
6771
2770
140
13941
560
8645
17391
1252
4373
1636
2757
82
2817
404
4411
10832
58
871
10359
634
1606
644
4597
7131
1448
1983
6922
11815
2588
3754
16030
5889
26274
326
5594
13155
112463
3427
7437
2318
16021
553
6581
6729
17601
935
10568
391
2962
26400
12514
54571
37917
898
60905
10227
4432
9471
2870
1323
5948
20563
1379
13167
9047
44023
48
63217
146
10020
3573
442
36777
23770
44464
80469
828
