33825
20768
13118
7866
14669
19
846
21235
1258
775
2287
7010
222
486
1122
11291
14441
129
5811
1462
2520
2692
1313
4706
2694
131
6700
6847
3433
895
148
5457
25416
419
8455
4853
5571
10653
21341
24
1011
4239
3390
2900
280
35327
8795
3498
40802
7014
55972
15169
1702
8799
3191
3713
27425
24484
2806
93069
33264
1341
7108
368
6978
9734
1714
19581
656
8288
19
136
22027
21901
4201
1505
1078
166
352
19342
20237
375
21112
4734
7226
3020
27798
18615
36
2802
76526
3486
3021
3199
99
6833
92
12471
7437
47137
27050
6585
907
7122
7323
13541
33945
29932
15705
41078
71869
5872
161
1050
505
20672
1129
2698
5570
1086
14907
10356
8220
185
117
3921
7211
535
49578
787
6026
2483
13631
1044
1144
24
1142
2957
3533
10927
24161
350
9373
13382
48693
5743
1039
21
53744
4888
5554
245
46
7936
2003
78719
1825
5236
499
27294
828
23283
2740
5008
1784
6119
1525
10921
70
10605
32829
5040
982
11842
1542
8394
56051
7512
66295
28726
14206
75
3197
7142
21802
531
763
10707
304
12053
2805
1417
887
17687
7542
132
5699
2730
25155
714
23365
748
40378
306
930
90707
2745
2441
6379
8587
106
928
881
32278
1145
1901
1137
6458
131
12507
17724
611
10735
1362
15593
10998
103
5787
16273
1663
255
211
12776
11
34961
27104
14070
4763
58
34208
28539
19711
16098
5317
14644
91933
5952
5891
5263
8380
3924
380
835
11
526
1597
102277
987
15830
3930
124
855
16567
635
151
1612
11980
11510
32768
257
12626
1012
158447
12838
3716
2349
4365
4589
4332
1999
13493
4859
209
17514
5436
143
77
6740
3685
2775
2757
5468
17941
60572
73244
417
7514
8317
4631
6102
13171
8235
506
32775
2184
6513
12112
6467
16971
8786
1718
15131
1097
92747
8446
24693
4729
55276
32563
490
1367
64
805
67676
107131
72731
13113
2712
8302
1940
1064
7698
19020
1085
243
4925
4207
800
12872
2828
18571
30237
50893
17160
2699
88026
88
6003
7549
5057
3742
288
35923
6278
1762
5149
15515
5938
11052
5028
105485
1868
5358
47947
13
1474
5091
54582
18678
630
27532
14036
425
510
4503
3176
2345
366
58850
1450
16199
8168
891
10646
1944
3982
9161
108
7496
57
8864
3560
22599
579
11211
380
7289
5212
715
109
709
524
4353
227
4831
2760
32619
47279
33682
299
7622
8303
7656
660
3435
3049
37217
2912
6478
6074
6881
375
47063
57
186
60034
1129
6041
4811
10455
9113
6843
24682
2631
2392
3688
27339
1378
11012
31746
12990
1874
15154
5471
13346
51169
35598
1910
2671
1094
8842
12312
530
6057
18452
301
4297
3701
745
9257
19453
1983
7862
5574
3773
20017
15191
34810
3358
26088
135
1247
4902
729
2297
8217
4147
2671
6148
4366
1189
530
2385
21550
677
28929
633
53219
2016
738
15694
24639
7509
1230
4555
2682
2027
5425
4181
9963
60267
2666
3561
20739
232
2796
36392
1347
286
33975
35618
19
6308
24398
113
1706
1631
1705
9518
8
485
6875
3118
54610
5111
5468
1558
20542
36410
8986
988
2040
497
34998
8036
1039
8146
11978
39446
23916
57017
4165
29020
19243
25473
1524
1211
454
936
4467
50051
9183
22157
2694
21735
22706
5052
1458
36715
25190
70
939
6358
522
10088
5345
1291
1210
13391
10934
75
5625
51770
6665
31449
27796
239
1458
26550
2607
3278
51175
333
4461
11016
4732
31659
17720
127
364
4035
5281
3518
74
10505
2412
431
10622
15108
24416
1280
503
2465
2349
1670
3974
464
24702
1036
2569
2786
11406
29166
2484
480
39054
12420
2331
10428
3397
3
204
867
19
2725
6339
2472
3516
44237
12010
7232
20420
39345
2365
1848
4809
149
491
636
839
16047
22118
19739
1014
577
6647
3591
394
6812
11741
25125
7514
9318
5727
5289
19979
1997
400
47335
38314
1232
2441
4559
252
9581
53
70481
170
34971
2350
277
78889
3279
3484
18
42969
7421
1962
21912
4286
24384
2888
1459
8570
1187
2277
22920
1070
585
49078
42685
54038
290
47740
7662
31838
34144
925
9267
3147
4901
16632
1229
2842
48822
14660
761
296
14
6635
39894
11932
94
762
48706
8428
370
222
42647
5249
8355
6811
7488
18520
20180
1256
721
33520
957
2178
115
22608
6525
7609
42849
2067
15392
7041
737
2249
224
6078
19815
421
65
152
2407
1916
6487
2404
810
293
25319
1248
2067
366
18460
23241
50488
15768
40078
5420
36
939
14126
16193
20113
1511
2444
2917
4762
974
9872
11716
17
25030
7887
385
165
219
33608
3572
1664
739
4563
135
24950
174
1240
3920
9330
9811
2464
5473
540
27864
16050
30863
12661
41906
9207
1874
327
4030
8140
106
4400
54799
5852
1727
15545
2828
354
27882
6664
6433
2968
31
33
3130
2324
1620
20296
98
7798
159
330
5268
25240
32
1974
3227
3358
3082
4318
12917
35385
988
41852
841
9316
1253
2408
11444
11114
243
13952
28214
1255
49
790
22710
6908
95
4631
1950
13651
2464
1799
19301
59599
57153
44405
3673
80
619
1198
7063
11723
23119
12071
3229
15674
33132
7503
18400
11023
13805
2441
1463
140
3039
7272
7664
3926
6759
573
43
1391
1226
3799
2287
3504
1398
85188
7675
303
308
320
44665
577
34165
3319
5181
