31552
835
210
539
3943
1494
23546
3604
2280
5064
27690
228
57392
3223
7087
1203
2013
4827
1648
12
8978
7726
258
3165
4109
517
947
6476
7991
7885
1146
1907
8722
332
1875
6458
34045
770
20908
42825
1006
941
379
1072
220
13283
34
12915
48473
5152
2237
16781
34512
5221
628
14451
11469
4808
36679
8811
14220
12751
1894
17646
6471
249
2875
4914
280
50475
699
1374
189
997
54917
230
787
22422
1227
14159
2685
2183
2213
1392
26341
6872
1223
439
102
8457
3204
1545
15
3703
2805
3880
1340
1151
664
11287
13426
118
548
9002
2416
8328
6081
7727
1862
16264
2899
72
165
5253
64067
19934
1103
141
7474
855
1638
19554
6778
5849
2740
24
748
36669
7145
15672
15289
7885
713
1015
6813
6739
3456
1650
497
8884
24869
9280
47546
2844
28
4665
668
867
7846
342
7007
2859
2897
29214
3878
4869
2487
7673
2774
1731
4683
1798
13976
44951
579
7424
8510
13756
3515
17829
1967
438
371
7074
359
4037
25501
1011
2745
2461
9999
336
207
4262
13317
846
62833
19242
7991
43490
73
14863
21
27690
4202
754
728
6520
1318
62
1359
849
171
5699
1895
10790
1957
25333
327
3636
2510
4788
8925
15109
1197
930
25061
4037
2759
2786
72285
3203
2697
9154
29615
1644
1414
6616
3364
1458
2073
3261
2010
9482
7083
16077
1615
436
87717
3348
138
537
385
8078
517
843
361
129
0
7161
56054
3758
1533
3243
9225
5407
13130
124
26228
5383
9
797
3403
4291
30639
13909
4618
2496
740
4799
2532
1773
120
6923
827
5401
3144
85105
9099
8936
173
894
3213
18209
17941
2290
2836
13368
128
3023
6309
6383
1794
5039
15547
8899
107
10049
6567
49
8239
47
20353
19868
4179
13883
53
1514
659
4314
21398
1870
2608
10890
15421
318
39058
30193
10401
2170
1165
106
1289
81
23278
8240
444
13596
7835
2063
369
2498
1547
3777
4833
177
1111
1797
313
60
2247
5824
4532
43843
5827
6248
2323
482
2287
6185
1162
6857
3874
317
7205
5444
6985
7327
25034
6449
63
1660
7095
504
7231
191
75
1672
162
87
538
1842
945
15585
1355
492
292
5520
1067
3448
147
6907
12422
3134
234
15224
2794
16290
4200
4423
5
585
988
371
5226
4515
2341
9665
795
17845
5508
8427
259
10912
5166
158
48910
6371
11830
3511
1428
2589
2924
2340
681
325
1712
6491
4863
11890
9614
1341
688
9234
1666
21902
409
4369
10421
15710
1429
6806
8879
216
714
36710
747
793
1039
706
16560
11026
11217
51184
13060
11
2067
18511
3451
3123
3139
8033
17181
722
3834
45074
980
11170
3022
26492
121
11993
3223
5049
6093
305
2964
403
7366
10258
27796
6809
770
3385
7348
23582
3153
317
12168
1129
7699
165
805
11935
12561
55
664
1447
69006
4047
8632
3730
10682
679
33162
3983
5813
2318
1466
229
1825
3672
3872
15531
1303
451
4927
3680
1257
3938
681
32555
1443
4024
93
45
12813
4770
677
12807
2817
1227
96
5138
2936
19000
6783
15416
808
9480
21957
19388
4100
340
1507
17431
367
5183
7742
4427
431
7
9133
330
1830
2168
4996
7051
7351
667
18291
20260
1082
3001
6672
52300
