1801
16554
2586
208
506
7898
9450
763
13166
14
20189
12634
2175
779
1312
6289
21194
2280
877
28963
23981
18421
8354
11682
1980
1157
10554
1655
799
1638
1177
48460
976
13132
99
4748
2314
20657
8396
6840
759
5241
1328
13902
143
373
687
23
1825
1378
1929
13344
15500
18273
2276
10256
524
2508
24439
13454
59076
3357
2099
11059
9936
1041
26
5065
8336
351
4742
4324
12798
4
2800
14134
15419
163
13259
844
333
8964
161
621
124
3204
3170
14873
522
893
10
901
2011
8185
2245
1478
364
18362
22441
1326
37
5140
1025
3752
3303
3175
641
7641
415
11786
4768
11033
30
8774
1164
1961
33743
8037
12234
299
544
423
2741
1921
12144
541
7773
25392
852
105
4444
246
88
572
355
23041
4956
155
5209
583
956
4886
441
3268
1925
2441
11378
5
22549
5757
2088
7960
30
10
5820
2575
124
390
192
6094
4500
8224
104
54
54
4088
13
4574
160
1516
15003
4011
7441
11550
1083
1116
932
2105
3303
6076
269
576
1147
9595
1133
1169
25441
201
2376
12234
12501
1090
27099
2871
493
1516
192
898
51204
8030
29912
1445
1025
1964
238
59
2405
4592
40944
11374
263
1472
2403
2111
126
1576
9382
2543
1775
18186
53
3006
64
667
1917
231
5704
3693
6384
27667
5208
21965
10874
9680
333
3070
6373
8183
8733
2779
5242
13
9891
4748
2922
1650
6490
11814
388
71
14258
97
94
4123
1347
2257
348
951
2951
9
1441
327
542
2375
40
86
297
4976
1544
1982
4030
18035
12760
10117
48
412
1196
363
646
2479
2979
249
88
238
819
21346
48
11534
1389
160
488
4064
2878
343
18968
387
24
7737
4873
166
2554
1974
16968
13902
211
817
11958
1778
16515
8812
6438
4906
6330
23397
3056
6600
2869
1357
2017
20296
2456
29020
1131
2804
6126
4292
12952
2072
1542
7239
15298
7227
18383
887
1312
14370
58284
5291
975
7316
22
3973
11513
3318
34194
17551
1678
1877
10692
2238
5516
995
2026
3319
19182
1282
1161
1510
1318
7857
418
2416
861
642
1533
4571
693
26953
6938
1367
3990
391
21896
379
2068
222
6032
3382
1452
8777
3715
2242
24227
1212
2610
312
140
20405
79
3486
1408
17469
349
1441
3117
