334
118
363
115
35
196
90
624
921
169
1237
136
389
997
49
427
28
477
0
13
204
63
1012
305
1
538
154
794
1622
38
192
50
22
81
36
276
24
69
40
664
203
271
53
1584
687
36
20
7
207
256
935
9
162
719
1185
192
155
276
1313
852
10
232
10
6
58
9
139
109
662
202
47
184
476
171
582
11
68
52
346
0
153
609
7
274
59
144
97
23
486
209
426
76
2819
53
1256
59
382
66
14
493
344
210
280
1012
99
1094
11
20
292
9
318
11
467
0
105
189
557
168
339
49
590
109
268
64
62
31
556
461
341
1188
688
54
694
78
208
248
217
126
47
771
312
69
205
92
355
126
363
300
697
5
26
905
33
107
640
54
600
105
21
22
739
0
90
1021
57
690
63
342
968
97
0
252
535
406
321
356
55
207
1354
184
3
296
23
438
24
756
132
1062
372
195
935
287
423
114
713
3
49
505
198
485
431
210
352
8
10
18
39
53
361
632
42
92
247
311
139
202
0
2087
1015
22
358
254
55
24
837
4
797
90
15
651
479
83
148
0
482
241
188
0
321
283
481
1843
20
39
1223
28
194
247
8
281
56
129
226
15
386
502
2579
31
223
64
667
243
1640
184
110
1548
37
1104
262
888
0
456
782
163
450
331
45
371
1738
123
797
2978
37
50
685
797
5
439
0
207
262
40
0
105
4
388
249
425
23
83
85
56
319
272
41
62
317
0
259
0
10
43
4
190
1364
224
315
76
116
453
1148
1
139
414
45
310
22
115
646
173
3
11
508
230
44
336
499
536
333
1325
11
226
394
74
6
147
2076
383
248
139
32
277
22
263
1067
287
10
281
181
166
68
74
189
235
61
359
21
476
563
655
300
211
98
25
34
1027
91
164
272
949
350
32
13
329
26
15
670
56
27
1321
11
141
193
192
194
19
50
1690
3
779
327
7
224
0
16
502
45
1937
0
1873
34
122
332
577
1462
0
25
0
49
33
125
349
20
1096
12
87
1989
0
0
18
8
30
94
56
19
218
1033
96
0
339
492
116
759
1302
481
1576
121
586
23
48
152
514
0
228
20
79
435
10
1054
0
30
945
25
205
23
0
9
414
1548
214
891
452
557
1106
165
77
14
42
39
230
476
892
213
3
19
79
972
225
608
26
26
92
567
124
276
113
17
4
421
51
357
18
3
607
1228
93
4632
232
405
42
2
119
208
148
608
247
159
487
91
658
43
44
802
54
32
628
693
103
176
110
5
5
90
1172
15
9
0
24
89
258
197
29
624
77
487
285
234
177
182
119
129
364
893
59
311
137
538
704
24
678
438
463
7
537
1569
555
74
59
13
0
282
11
237
4
199
64
99
116
268
3
139
0
0
264
110
150
63
409
266
304
444
368
13
60
54
1774
6
305
646
65
177
876
16
480
412
9
100
0
960
1248
140
851
36
490
4
25
98
714
6
1
245
1658
138
295
148
494
605
213
92
41
587
2937
38
9
66
530
781
209
0
0
1
382
35
349
98
141
141
15
569
560
474
39
151
0
1356
13
93
1372
72
1135
1498
452
3
220
0
305
0
691
65
11
7
310
25
1387
79
0
178
333
50
39
597
43
269
720
353
495
538
27
33
81
177
566
9
350
582
2
228
497
835
138
37
107
11
33
237
235
72
0
29
0
47
138
1234
607
858
29
83
183
866
87
38
345
289
31
161
399
260
1334
810
19
242
635
351
81
386
28
3
59
706
25
47
342
1
34
789
278
74
482
20
77
30
352
49
1149
152
1544
40
1629
18
1691
2
4
133
208
344
200
6
35
867
802
516
24
93
1282
11
167
