2451
2
7485
15340
16133
4125
91213
4080
1229
84954
1616
2699
8227
1540
2608
8059
16223
621
1724
289
9945
6075
1275
12559
4676
8288
1212
1821
639
8266
392
0
19268
20008
60
16588
1285
30608
3209
32642
773
24649
1349
30541
21993
3708
6242
3971
2996
41973
3020
1693
4245
12406
1082
35263
2186
6067
9943
5394
1906
1466
24488
61
5477
6050
105938
427
4037
62379
4741
14544
16594
688
1547
5333
2131
4530
36
17640
6230
46530
4226
3917
440
75
3712
394
5271
4122
477
9871
6057
273
21774
59691
655
2333
4770
10902
1484
11001
33172
3395
4814
11967
553
174
15345
712
1276
3277
8260
3662
833
1421
713
266
6024
8310
17925
684
63867
262
31678
1033
14148
300
530
3246
18600
20638
66
18335
7352
2620
11344
1229
10471
14338
2533
79348
9049
17434
10517
9555
1825
1658
3239
18222
4773
10811
85
1735
2101
66004
823
1310
540
82716
1511
109
594
501
1591
355
33
1726
36860
3832
28169
10393
4845
1653
180
1999
4847
19371
1925
263
17742
1792
3861
5300
28019
116
1053
5657
3776
90933
2286
66404
8271
258
3928
3579
121
8596
7979
219
20328
24512
4223
14227
208
6548
10300
46107
540
5996
29790
5204
11873
35307
42227
7552
32034
5270
10963
11760
637
15667
1596
3005
5449
60520
188
81207
52677
256
22507
70550
29028
7033
33394
6265
14068
22059
42663
337
18128
1290
5188
2245
2114
24215
53134
2691
1161
18561
5933
10234
12543
21831
24461
5154
1990
3243
10156
3152
195
566
1879
36791
6897
9263
13529
3593
39460
1492
404
7847
37
56017
942
5333
107545
1099
3107
1333
44961
20274
36794
403
12476
7094
3259
153939
2422
12261
12380
697
1107
5629
286
11110
446
3437
6749
12015
7647
10839
20928
2239
942
153
50106
73406
14244
45673
6329
66056
681
10236
33914
191
992
3999
66419
341
2014
4217
291
660
339
23030
12904
29
29497
891
27338
1876
6802
342
9306
15838
75415
5242
3574
16487
19973
41629
19038
705
43
1656
204
1163
7313
22945
6443
2422
15186
46881
786
3900
77
2
14152
5089
21215
26058
902
4175
1255
60127
4941
406
194
16238
2882
27479
513
6600
719
30959
1439
60624
3154
13809
5091
1991
34201
525
6904
6628
11713
48662
1590
35
11376
13401
752
39845
29588
10436
10531
2445
12242
2250
5202
12397
8549
38225
25107
181
87811
32769
23247
8788
2573
24634
5879
7139
23104
10425
4838
87597
16754
233
58303
3833
7782
41850
1383
1049
616
12220
27453
859
18506
10919
5576
1664
4655
1218
14855
22101
6434
26219
143
9380
16668
66
8140
11163
3238
8141
10710
7487
339
10686
29344
5084
8978
6918
1360
8606
135
27356
10189
972
20535
2539
18302
30529
6533
32
2104
78697
31419
13841
4238
4378
9903
1912
4083
113
400
16649
5805
28035
726
20881
449
18004
73402
7123
1238
5588
54860
11353
1859
317
1124
2968
1509
21103
7285
27045
2794
21039
14244
12229
956
5721
3207
30397
10166
3109
2961
950
45593
2390
3581
20519
463
11701
10604
8048
157
392
587
6430
15938
7059
42478
1803
11061
661
29803
3765
9944
30849
1348
18495
1989
569
48089
52907
12032
29998
38550
1117
4982
4143
56557
11572
56111
8247
14678
13589
409
820
2387
28618
237
95334
5558
1564
2098
177
781
2247
573
5322
393
2239
2456
66103
2719
12980
2541
3919
29203
3150
18754
8305
38535
29881
993
448
9428
3223
1808
123364
5268
2605
4382
36379
30335
2784
4060
15226
41
687
15626
423
65948
401
574
13840
1099
44629
799
48253
19476
507
42561
1425
5167
3208
14388
4361
23968
349
21209
6777
11538
3491
1787
18644
4315
902
32683
2083
1986
8356
25356
43645
21587
3875
3096
53527
32304
2925
15457
345
888
77167
27019
7630
13723
20155
8761
5836
15195
1810
9533
390
4128
6815
15817
9736
12080
8925
2461
5872
41280
7471
24191
4592
2150
5713
722
66
3835
52107
29983
20662
28580
345
2116
989
3253
6707
36085
69538
3064
4741
416
2938
28084
24014
306
29670
3447
2498
38678
2030
9730
10533
284
69
6836
1565
1029
548
15484
4934
5336
