28029
670
2595
5110
4187
20802
19555
67939
2100
15909
16358
51437
14849
20750
6937
1563
407
58
13555
28768
8348
66073
178
2333
32877
538
12801
7245
85839
95702
1773
8568
1398
44950
36273
10299
7034
25283
499
506
9243
98
3695
804
82006
53755
6432
2783
23323
7476
16664
587
3933
25556
12037
12408
1408
2853
71734
4785
8381
8425
5505
2085
2429
111410
83115
5337
58057
409
11359
66166
8736
32182
21379
28442
4831
17767
3227
14886
6590
7497
912
838
10574
820
27629
3011
7062
20644
1395
11403
5430
30665
355
5257
654
282
24357
274
744
29168
3974
17941
67
57430
35022
4818
895
27429
11828
12406
7262
20123
7621
2034
19988
3346
3167
117904
3570
27871
3272
5435
6178
123799
1993
433
15346
11337
3678
19701
3950
24450
13213
9672
14989
5327
892
55819
1662
25461
23964
6246
18268
5287
5242
8056
9848
10019
16293
1692
13966
135
2416
197
7598
237
503
22006
60714
11925
1662
4389
9684
76308
1505
5990
9507
15125
12957
19087
88
32872
57409
19891
13751
726
7432
54826
17049
72014
2911
201
15044
6048
35763
8469
27157
3040
4751
5296
2100
64330
22484
9697
9510
24951
24310
197
20706
17457
1602
13012
2845
14410
578
6982
19169
298
3431
1397
7683
4062
86245
2580
50548
2645
251
115086
2704
6545
6703
15840
142
1308
505
50734
2433
3006
1177
30757
12477
36455
155317
1347
24003
187
9379
108
13848
200
1722
22787
2726
4587
4328
5698
3725
8360
8442
11824
5464
1233
127
377
15125
32552
25381
917
1766
16780
2261
1966
6982
5996
3980
15237
22715
212
39594
11368
24850
14487
1787
1402
994
7185
22305
2185
17689
201
62
36545
1786
1139
4470
84
37335
10958
215
524
7226
7957
3168
4689
17149
21344
9031
25847
9
11918
9622
172
72628
5598
36928
13201
13
11878
42409
3816
18660
4461
33919
9334
65038
3073
5844
55370
10422
432
19601
30858
1703
13755
5478
43561
2418
41438
27438
18505
28112
9828
1344
5864
56396
9186
10714
3521
6060
66120
4058
2536
2752
32239
6352
40650
8807
8562
5985
934
11389
22624
948
14537
17081
22860
19526
497
5014
3574
6321
1727
14331
462
33671
2282
28396
28
6146
951
7554
13575
5638
27761
14130
16530
20436
30753
1249
2415
312
305
50670
3876
19747
467
45390
4819
745
2056
45733
2093
116
18
15045
3658
3633
1676
20396
2103
12209
3623
6932
608
376
339
5114
553
707
8729
14394
177
2758
14046
14029
11806
45793
4198
7796
2730
17816
14032
913
3095
6880
236
85855
42928
32579
3512
13305
332
612
22
1281
660
7821
37907
7496
1249
1299
784
6028
3270
31424
10696
663
1893
21900
34741
682
0
707
12401
5081
1727
1426
2827
6326
44005
2655
341
2296
11098
7846
1834
86874
432
1116
75889
2336
92962
35704
44638
26966
11146
564
42804
3853
523
6565
12590
290
6904
19661
5884
67883
1879
10402
4903
9877
3927
14
109351
34542
971
5269
33273
573
615
2960
598
4041
39549
754
2477
17619
56
190
2127
3878
6877
1138
89
17827
25932
3428
37596
12960
3528
18355
21894
26931
78907
707
2134
18596
2614
11087
5719
52753
125
26452
18061
860
5061
10197
49655
6153
19688
27426
58921
1105
8720
15363
9502
53526
5260
173
23836
23627
18514
862
20548
18647
43023
1607
5203
38345
5077
3018
32338
1051
3721
16898
8322
684
4325
172
20177
8107
171
2654
109
5654
49227
20767
6600
19569
7919
3011
544
1217
29591
5558
12
28951
1053
39604
25406
1212
3921
3371
355
198
26015
91
2215
14988
6031
743
252
9200
3848
17054
50301
546
17660
13996
217
3156
11081
1546
6672
84
6569
1975
659
8542
1250
3734
60515
288
77044
3238
43289
6746
10317
16035
1375
12789
4706
2964
18358
5228
36403
1498
13450
9692
4644
12909
282
8742
28312
46521
68
50985
44511
868
36067
19251
10509
132920
909
52258
2002
17211
26300
1268
5663
6585
2637
106537
2028
6568
24622
34227
7290
424
6669
4533
199
5702
6810
261
848
6101
11115
18545
807
20
65487
34834
6936
294
4358
2137
7034
976
18082
1434
125
1300
2804
1189
65384
24448
373
1441
9052
47759
943
813
31703
30077
1203
1542
9578
428
63
4755
27031
2768
9512
350
4106
284
78939
1629
16521
20719
5432
63466
6638
82262
10791
21627
1798
31878
5545
367
74648
12497
38275
47880
2065
3095
4228
2341
32973
11181
2371
10006
4753
10970
16974
5306
501
6456
771
10126
24045
9354
1638
14844
8766
2321
834
4455
5412
22811
27668
46963
13793
10459
55855
160
6694
107232
324
446
8895
9674
46304
7078
6401
33820
386
56577
490
17773
29849
6645
1124
26806
9908
19536
1147
67208
1390
27663
6208
1861
108511
6787
2215
699
731
111
109
7610
50685
2084
3188
1774
1890
157124
168
105549
308
42100
15017
143
21461
21807
11228
3482
36208
17015
4444
1098
353
247
38410
24041
18172
5150
9697
50166
36516
271
4750
2312
1780
2514
8266
1117
7540
680
1799
17972
1271
109959
7031
14392
10351
11626
4904
18231
3994
1141
23372
17429
26149
6703
21269
11485
972
13482
16757
2599
7589
19616
29
4349
1192
2908
35089
481
47838
1462
9765
9861
7774
3741
11135
65
4411
78291
43077
535
3443
8600
134694
328
61314
3463
33634
5147
2367
4648
345
252
3369
15424
18913
23870
14190
120274
3212
64728
209
4931
5911
253
42859
237
3457
25164
9561
66859
408
11828
21294
30114
8922
13872
45658
139
483
16572
68829
1989
786
4991
26435
10352
44411
16130
16047
317
717
1136
5531
14843
10023
10165
3156
15682
1514
4427
135336
9659
7746
46494
19323
11778
4480
189727
2318
10201
