5471
178
1431
4562
318
120
8640
2579
563
0
1191
355
17117
1613
5377
118
251
590
2072
152
20080
2560
4490
27054
6539
1235
2033
10275
14579
11860
8733
7269
26607
252
52
134
1176
2054
908
7819
7349
34116
3110
2539
598
3026
6232
8052
9903
1222
14681
3471
1426
448
195
908
2464
12518
2137
1542
848
8642
22357
15576
37088
2511
14730
158
125
29856
4130
1931
2324
1802
20084
10525
6348
5838
3465
4662
103
6723
3195
110
5929
1458
39021
2316
410
2020
3333
4409
4606
22662
463
8021
2262
44
1596
3392
5141
11579
132
2587
11495
4293
23514
12313
5536
1710
3810
460
1585
203
18088
6570
2497
200
353
2088
737
3552
102
315
135
163
1645
16794
1003
4846
142
62753
1692
8774
128
4207
230
9685
2037
763
1641
5766
13883
4597
1045
23795
323
2143
14408
8312
14897
11120
187
0
21395
5605
648
942
2956
9807
256
4454
20771
31193
3052
58731
420
2335
14751
30991
349
711
1672
16
13000
7370
185
1803
34910
1525
1601
423
2563
1979
1461
2365
10503
6810
511
8127
5956
6303
1408
526
686
4374
153
248
541
255
2494
5617
222
1779
651
15937
6426
1459
1409
13101
9798
2496
9340
3868
998
225
5930
1269
1319
2864
215
616
678
17035
308
7792
1330
2401
201
17346
662
2111
3599
792
43379
11332
180
1717
3709
9004
5598
3093
12
310
515
1163
1965
209
3251
6285
1085
114
480
11535
11873
2975
2444
9751
63794
14620
6137
1302
1456
38910
4450
1229
7143
1433
2802
3282
5121
45848
4472
7917
2587
3862
5135
167
3756
1889
3646
11672
83965
2140
2566
8683
50
178
566
13310
28783
2553
482
19
8500
14355
9647
399
1304
3965
10526
183
2048
4654
15852
1816
2097
721
67
585
3934
544
1436
5190
265
6807
6302
901
6372
410
3123
20758
1583
10610
5457
667
1220
1872
561
3369
1358
248
5038
2529
2916
28216
1734
13244
2378
37048
3123
2528
1125
94
946
1777
1220
5073
20481
11393
1670
19769
31543
6978
18906
28792
16863
59
1071
664
1428
271
1867
18699
9999
8135
3094
3113
1867
24193
9123
11700
8554
1794
938
4520
16354
8858
605
346
2295
7394
39997
3271
6678
1341
1682
1033
1077
250
5721
280
14810
5542
610
26762
9541
7624
11308
407
2334
7344
209
1126
2183
37094
242
5391
3459
1159
43
5766
3681
4057
18264
4756
202
37646
2676
5927
781
759
16749
1858
86
406
12873
426
4602
1435
778
9943
7752
24
486
5649
3871
43418
366
3332
4857
11467
62676
87
124
3219
78
35731
2600
6457
679
136
2941
520
4101
16630
2835
1577
888
1852
29886
3020
9420
231
156
2032
6522
7727
1
440
479
501
589
2512
2020
1062
390
4701
31
1079
16
14711
409
2462
43799
363
70
1077
5091
1659
7
839
14338
3614
20536
1150
7
6110
2512
3871
1877
406
12262
1345
1574
3221
30
4143
4017
2217
2476
11886
2908
952
373
12862
4051
7210
9800
1800
1863
3860
7541
8273
22836
4215
1743
7334
3129
703
8901
9147
472
11559
6368
46
198
1548
6108
26749
455
20
9560
415
15611
158
3523
4211
16415
793
1425
1314
3140
4236
14554
2230
5905
31283
93
2194
1950
1338
14747
40
1279
24894
5276
926
1944
473
5123
19132
17899
1121
984
275
201
22920
5239
13637
4707
256
24813
1914
4303
13502
9366
2340
87
4940
6075
166
306
518
103
482
193
3305
1466
10006
7481
3719
834
57476
18308
411
8429
12
19900
3502
184
3363
1009
879
4094
970
332
26130
2957
4767
2998
1224
1315
6743
324
5638
908
1839
1424
28
5801
21299
18272
1175
164
13214
1169
2569
1417
427
5707
20707
763
17
16459
2992
4340
9491
2028
2187
15462
3580
869
201
747
405
0
3079
4686
78
1486
2398
55
1268
1886
8335
24830
1362
364
7421
5646
2342
1698
3058
584
3341
2247
261
23091
2514
14437
222
174
8980
4599
5656
324
9643
301
8955
2092
3831
2271
1216
1635
0
2041
2109
416
6992
1346
80
2292
2673
12304
2157
1687
4496
163
1302
5197
97
33
17620
2079
1066
744
12437
3272
3
190
28
2934
259
10066
497
705
6175
4156
1572
1567
3888
891
