15623
7906
293
988
2133
10293
136
2162
82
1672
4441
4776
3061
894
2288
823
1243
906
21565
3476
2960
3065
302
5781
37
3036
16144
270
1151
2329
15308
4
1070
6535
142
16
20
1299
4837
1763
2854
3439
31728
1648
1672
1740
43
477
9521
257
4678
15506
2195
2820
394
924
1660
1456
28558
5518
944
146
2806
1851
891
2713
14761
6062
1668
7859
16744
4971
4806
12868
10150
826
667
2731
3078
2175
3985
4488
2098
5960
2747
79
10760
12
3256
61
3870
200
1333
9025
11957
1104
1126
5674
4424
668
318
1034
589
8334
14155
145
1561
14
704
246
48037
2272
260
2389
57
32
1826
18911
881
4299
5656
339
1
7813
8620
634
19061
1076
2851
5403
166
17081
78
222
5848
2723
272
670
265
909
488
1344
124
3069
2261
517
11791
4462
380
1419
3065
514
501
1753
7365
3863
1392
131
651
3901
4009
2519
632
9262
4074
5614
3371
942
1078
708
2413
3008
17835
5607
2017
5074
932
278
14570
692
694
11655
11350
6213
1014
17542
31
5948
529
3
2716
6454
6305
9074
1789
1122
4417
4074
18199
3695
453
4753
646
26222
2637
635
1655
20
31852
19685
345
3419
924
2045
62
6159
162
399
3124
1424
1507
13353
5596
1080
32126
4608
21583
35
4411
63
4429
188
9480
12580
467
3673
521
58
888
5889
262
1604
113
1543
5916
8410
10698
261
2926
4476
5680
520
1856
501
1968
12007
56484
1168
754
1182
7186
1324
3851
10832
786
1968
4958
107
4397
1375
9110
2452
12580
2054
4538
571
30542
45983
88
16076
4051
2579
323
2736
29
357
837
2409
1811
29
10341
6391
3832
3105
770
1037
8333
807
21312
2010
987
3222
1439
11816
58914
11877
15675
14124
2869
897
19716
1121
23196
11767
724
157
1696
4545
2466
338
2178
3939
2399
38
644
14306
222
13833
1097
2488
1503
0
7164
64
551
29710
127
1171
2725
6191
622
828
90
13705
12335
601
18263
7049
294
4130
55
3735
16219
3658
577
9332
430
20056
12900
1822
18940
16387
4075
9834
10445
11851
3130
1197
2196
2092
5480
14387
1908
4470
46790
1718
1045
4037
775
9019
2223
245
32471
1320
758
1040
15522
17232
564
2563
161
2286
567
17274
443
