9
14228
0
20
3
1533
327
865
4
1983
2200
393
503
243
21
268
297
2019
118
1085
213
4284
1956
2268
7
128
3606
224
97
56
148
494
1
467
1229
200
471
816
2
8
91
275
1250
1699
285
55
77
91
26
678
1159
800
38
521
2133
12
158
988
1084
391
1130
498
692
1577
963
195
118
152
727
45
74
388
453
4630
187
0
534
1011
87
1268
33
3534
1545
0
314
306
398
1884
970
1925
278
45
649
150
44
42
333
97
576
828
97
116
51
100
863
2186
99
267
78
1643
414
5407
1445
346
5
54
354
45
165
823
698
71
315
315
257
963
854
4175
126
286
1975
220
1067
1695
109
665
2245
67
31
680
1573
956
2
9
575
3910
30
5704
20
211
917
91
993
913
158
214
651
73
55
0
3367
169
79
31
2224
30
37
135
9574
160
213
221
373
3600
146
308
3
160
925
404
5084
581
1050
1778
353
34
950
562
2242
0
1021
1168
268
61
918
2890
1624
254
3137
588
485
10
2638
326
24
20
431
306
1682
1000
902
383
8
199
1130
1736
145
2900
91
2111
4212
1235
91
2813
762
2742
596
166
176
125
1545
2262
404
423
441
168
763
596
320
487
906
316
5207
193
371
2404
130
424
549
126
306
310
1196
1087
26
897
416
2093
101
41
751
3
1285
184
3073
6252
757
584
46
419
1887
269
4
1511
279
180
623
504
898
423
4473
101
903
7
218
572
394
101
118
475
554
7028
381
560
5
1731
711
84
337
8
110
29
1797
4140
837
449
309
293
13
180
2034
1463
0
1920
2352
815
2230
1989
140
389
7
333
1209
2221
440
0
586
22
252
739
17
27
1078
264
760
353
128
156
45
110
258
295
1726
158
2628
1368
61
1390
2066
75
1988
8
31
3414
0
512
206
2184
6
850
3085
57
2018
838
87
119
427
2885
100
266
5264
115
838
114
0
321
981
357
2756
2562
182
381
33
0
255
95
238
1246
126
3068
2377
1150
475
731
16
131
232
0
1045
1901
38
717
24
32
26
8095
2084
1673
2054
84
2321
0
2179
125
39
102
97
373
264
26
2945
128
500
49
4205
102
