1810
2710
7128
181193
72
1478
489
561
34571
41156
32846
1395
4003
7881
1163
724
886
4985
4979
10526
1215
40955
55
621
3220
9068
14856
27867
695
10194
4085
3337
1066
7394
13351
3273
1943
4070
9036
9272
103
4889
6834
4605
1008
8597
16
20544
30933
1550
8660
41229
10
1375
6074
4024
39
413
10627
1562
11519
718
755
9977
1433
11113
27220
17302
38831
169
3954
2994
1091
983
171
1904
1120
863
1197
3182
15291
120443
907
1934
25347
3215
55
3877
4
12668
995
40372
790
31353
9751
68613
115
687
154
1433
1691
2880
28448
35817
11767
167
27307
1306
132312
4572
13511
16898
1198
1396
1045
2570
2833
1844
11140
2213
6536
787
6340
16176
5509
6880
19081
13601
5989
9601
8364
3593
1175
37
21653
128
4118
3058
23670
23450
37057
461
615
28787
927
7901
