1377
567
8974
13369
10658
4615
2751
356
493
785
586
3666
1242
5637
98
1536
8791
7476
4249
16074
13273
25712
1424
5653
401
6054
226
545
8468
4568
208
254
2592
2096
726
15292
50266
7427
12288
13074
9493
11531
719
7559
356
10995
18328
4064
10724
20929
17809
2054
28683
11194
438
22972
1713
348
54467
3994
4936
34952
3518
1378
49081
0
703
3583
28320
3560
2805
9640
1076
16405
24032
1192
37
2189
1169
915
15582
3379
5358
5582
5593
469
0
7288
29624
12856
725
11048
3515
1752
2200
8281
13665
4180
117
29979
9295
5146
3402
11170
177
9468
19314
6978
178
21066
1746
135
3516
7732
1066
3322
19862
7555
144
6504
4009
1059
268
686
4392
2238
4077
6337
13752
7691
1267
729
35174
142
13460
112
28827
3346
10175
6916
141
17635
908
2519
6047
2449
2710
33479
8280
1242
1716
2
2967
4328
589
771
25594
340
290
128
19843
1052
6990
3567
2756
16838
8867
5019
24234
12607
21131
1315
6662
465
2603
234
2475
5431
9135
5077
9120
117
44189
57
751
14026
768
3103
10534
990
20
1380
2328
2754
24906
38809
4543
417
11488
17167
63
6128
1638
11534
1080
17282
982
10
2767
50244
12
8068
6905
60
25621
2024
324
29250
2023
34776
332
7145
23236
4743
29845
1057
519
486
532
16957
100
7515
18832
14850
30308
102442
12832
187
672
7218
355
3327
6672
12
6
18713
2518
3846
1251
7982
45707
254
11706
19840
1508
2724
37138
7602
14321
11163
807
1499
1785
5465
1056
9924
341
1785
32
13054
357
5731
947
133
820
2242
6066
2157
2568
7386
2946
3400
232
4011
29166
22642
2483
626
320
27016
19872
3458
1957
24316
5109
1753
5551
633
10342
606
20
6463
61
11749
2707
648
7348
7109
2715
17113
1026
123
24568
2351
680
3299
806
27172
77
11753
1695
274
4589
4146
2652
1705
35565
2138
226
6026
4067
2867
5737
10019
5343
927
245
795
7935
3401
2571
939
6263
1219
4355
1920
20696
1925
4992
6623
1073
10310
27751
1570
12829
7400
123
414
138
6760
85974
11175
2722
4417
1644
7613
713
2750
3026
43007
1208
1563
6737
53
68
289
7002
1172
23433
76172
9190
36699
519
195
2776
1569
5307
5818
7439
24
533
7638
4563
53584
420
589
90
1979
12832
21178
326
25041
245
1732
3983
1588
2486
604
4089
58
8243
24500
1405
21119
3700
49
1482
9733
1239
6242
4138
16
2929
5237
2011
167
6354
37413
33189
8352
5879
282
541
5893
304
5210
2962
38119
340
15707
17633
13126
17589
224
45810
28319
828
16243
63
3017
2908
875
2949
831
6998
2632
5988
5742
7976
586
3968
60
6363
4455
1535
23676
893
996
3200
1966
1206
23610
11934
9862
23477
743
41088
5
567
12253
3311
7601
15769
7
123
2621
25779
2328
921
1631
782
9161
72052
37605
14939
3465
18290
3725
7395
11542
23964
2923
2726
109
8111
2735
27
258
9923
12815
172
759
5707
112
4016
1156
3661
1160
4502
475
9215
2541
42431
565
12
2099
2011
3191
1678
4008
7413
7357
4049
6180
744
1098
988
3692
10205
514
3375
345
34
111
854
12000
3606
7324
10855
548
24271
5602
881
3193
3354
15160
4760
5732
4217
2000
6054
8449
7860
835
14759
1739
4677
1883
5371
595
27080
2316
6492
15774
1665
5359
1754
158
303
10792
2121
1057
3738
322
15442
8453
9606
389
27779
1942
35602
4722
3151
275
4194
15
1035
565
12840
425
912
1051
3734
4321
3331
404
1257
5173
5027
3181
734
6311
6170
206
66
901
4667
18057
446
3703
2523
832
23724
549
3928
115
1207
