2663
3003
304
5158
62
20047
12999
5224
1132
1196
1094
2343
810
9281
1259
3485
9150
2957
15607
5290
9545
1006
10680
1538
3018
501
1518
532
535
540
1087
26807
8693
16823
505
934
4933
20153
11324
17693
10
8345
60723
7824
110
948
3448
181
28943
944
66
4991
1031
6802
5411
4470
1321
1018
280
492
298
2920
16884
2429
40127
254
752
225
10698
4519
3670
8763
2524
199
99
476
463
864
26611
3900
496
1567
3611
27193
293
3513
5080
36047
8937
18884
2703
700
1533
145
16735
9
24388
50
11102
501
2475
212
118
856
36859
7894
27722
15480
8594
251
15858
1495
7044
11258
233
5880
6767
1913
7037
1188
7279
3764
20748
605
5819
8030
904
23434
23498
694
38496
3590
146
25388
418
11155
1811
850
8846
2204
50285
6902
3423
34359
32114
267
2490
244
61162
1293
7184
27
252
20477
7169
109
4308
2982
23
2901
4263
242
1294
7169
721
102
497
1269
8992
464
1027
6160
169
16676
8384
5512
3149
21007
41975
10134
199
764
1658
11819
2511
127
32201
6583
25369
888
4489
5169
111
24407
1487
1458
11513
14761
58
1013
2146
9973
125
217
25556
7779
20821
4605
567
19846
7775
4071
2112
3899
138
141
29618
5980
178
1890
353
115
4346
720
1779
40663
56613
4486
4616
226
1912
35
1963
4685
865
1518
214
2727
2892
18812
28586
4806
19638
225
2721
1280
3015
735
8000
15396
32660
7130
2973
146
4032
101
7024
1082
1321
3077
1380
424
44080
1293
39763
2721
9493
1414
3955
5284
11362
1704
1423
20016
13685
21
82290
564
412
1578
980
470
8461
1929
283
828
3979
12543
1503
3110
3616
21070
2954
4941
844
4922
1068
23305
33
17861
1929
2
15464
2659
6492
873
328
403
18909
16657
9968
619
20369
2648
8754
6833
10535
155
2607
835
52227
4593
1210
62457
29205
42999
8
59932
12411
54
20
6320
12221
1279
1261
11877
13656
14956
10481
9043
364
5265
1025
5951
18530
13034
2218
10691
4221
6780
519
2318
2749
7536
11843
969
1179
9842
5338
30
169
380
12635
2561
11080
6828
10140
1778
13298
2685
20636
2531
944
6980
279
26
2086
2220
972
8640
12912
9432
146
3975
65
6584
2291
11561
697
1685
26
32388
4755
10660
6921
1227
7095
96
15778
10886
3859
245
24128
5285
75
1970
454
13757
14423
21321
18725
4581
919
41
1461
3836
9471
6413
22032
25612
26219
368
5187
14914
12664
685
121
288
284
3470
2627
3
6344
1234
645
453
216
4346
267
13495
48747
1861
257
408
337
26169
2553
11007
586
2629
2334
16974
13746
5653
3985
4618
11108
11406
8558
20804
1208
40639
6382
212
3558
10209
13663
5886
4189
13932
17239
2064
3116
116
741
880
268
20306
1603
79
905
5761
13503
4985
2015
14999
4862
61984
1743
16
5288
7282
1491
40003
165
1795
16039
2776
1314
29483
7485
186
327
18482
4515
12259
3639
20
